3 0.3546875 0.26640625 0.1171875 0.28984375
3 0.4203125 0.6296875 0.23515625 0.35078125
3 0.52734375 0.278125 0.1046875 0.121875
3 0.934375 0.1609375 0.1203125 0.19765625
3 0.70390625 0.56015625 0.17734375 0.3421875
3 0.8828125 0.378125 0.2328125 0.21015625
3 0.74375 0.2484375 0.16015625 0.32890625
3 0.48046875 0.41875 0.19609375 0.17265625
3 0.6328125 0.43515625 0.140625 0.25859375
3 0.89921875 0.64765625 0.2015625 0.33203125
3 0.3359375 0.79765625 0.21015625 0.4046875
3 0.478125 0.0859375 0.1765625 0.171875