3 0.353125 0.6203125 0.1234375 0.1359375
3 0.16015625 0.76875 0.29609375 0.2390625
3 0.81484375 0.67734375 0.35078125 0.21953125
3 0.56875 0.50078125 0.16796875 0.0921875
3 0.571875 0.5875 0.1171875 0.1171875
3 0.325 0.5359375 0.15078125 0.09453125
0 0.225 0.37109375 0.24765625 0.22890625
0 0.5296875 0.73125 0.09609375 0.07890625
0 0.4265625 0.77890625 0.10078125 0.08046875
0 0.56484375 0.809375 0.07890625 0.0765625
3 0.425 0.85390625 0.075 0.07421875
3 0.82734375 0.81875 0.28671875 0.19375
3 0.678125 0.40234375 0.3859375 0.16484375
3 0.45625 0.925 0.08203125 0.06328125