3 0.4890625 0.25078125 0.0703125 0.12890625
3 0.325 0.3 0.1421875 0.1921875
3 0.221875 0.78203125 0.1421875 0.23125
3 0.378125 0.5296875 0.15 0.43515625
3 0.59765625 0.4921875 0.25625 0.4328125
3 0.7171875 0.40703125 0.28203125 0.21328125
3 0.77265625 0.68203125 0.1140625 0.28203125
3 0.38125 0.8125 0.1421875 0.28515625
3 0.44921875 0.8140625 0.25 0.16796875
3 0.7109375 0.8046875 0.08984375 0.228125
3 0.65234375 0.925 0.0921875 0.15
3 0.92890625 0.59765625 0.084375 0.1890625
3 0.0453125 0.22109375 0.08984375 0.315625
3 0.43671875 0.04921875 0.0796875 0.0984375
3 0.4609375 0.55546875 0.08828125 0.1109375
3 0.9625 0.9203125 0.075 0.159375