3 0.7203125 0.5640625 0.353125 0.17734375
3 0.8078125 0.371875 0.384375 0.165625
3 0.796875 0.23125 0.2734375 0.14765625
3 0.4015625 0.1046875 0.196875 0.17734375
3 0.221875 0.3984375 0.33671875 0.18984375
3 0.31328125 0.56484375 0.33359375 0.18984375
3 0.53203125 0.74609375 0.2296875 0.32734375
3 0.23984375 0.8671875 0.4734375 0.26484375
3 0.2046875 0.7171875 0.25703125 0.15
3 0.0515625 0.66484375 0.103125 0.15234375
3 0.0453125 0.4484375 0.08984375 0.27734375
3 0.575 0.4578125 0.11328125 0.07265625