3 0.1453125 0.37421875 0.28984375 0.48515625
3 0.71796875 0.60078125 0.10390625 0.0796875
3 0.56640625 0.40703125 0.1328125 0.25
3 0.56328125 0.7609375 0.16015625 0.23828125
3 0.47578125 0.6984375 0.1921875 0.36328125
3 0.359375 0.45 0.22109375 0.55859375
3 0.6671875 0.7453125 0.07890625 0.11640625
3 0.48359375 0.4984375 0.1046875 0.096875
3 0.64765625 0.3 0.13125 0.1546875
3 0.53515625 0.2421875 0.1296875 0.10703125
3 0.53046875 0.08984375 0.1078125 0.1796875
3 0.7328125 0.4171875 0.18125 0.121875
3 0.17109375 0.07421875 0.1 0.078125