3 0.83828125 0.609375 0.18203125 0.14140625
3 0.5046875 0.3328125 0.084375 0.16328125
3 0.69375 0.5765625 0.0640625 0.046875
3 0.96015625 0.35078125 0.0796875 0.0921875
3 0.97109375 0.746875 0.05703125 0.08515625
3 0.4828125 0.53828125 0.0921875 0.090625
3 0.40859375 0.41875 0.06171875 0.0390625
3 0.30703125 0.28828125 0.065625 0.11015625
3 0.75390625 0.2546875 0.0546875 0.0609375
3 0.3171875 0.54921875 0.0859375 0.03984375
3 0.353125 0.61875 0.04921875 0.053125
3 0.38359375 0.65 0.053125 0.07421875
3 0.41328125 0.60546875 0.065625 0.034375
3 0.4578125 0.965625 0.096875 0.06796875
3 0.33828125 0.4625 0.03671875 0.06875
3 0.36015625 0.22109375 0.0421875 0.07421875
3 0.39921875 0.21015625 0.02890625 0.05234375
3 0.35390625 0.15859375 0.04609375 0.059375
3 0.59765625 0.32421875 0.04765625 0.053125
3 0.76171875 0.4078125 0.053125 0.02421875
3 0.590625 0.48515625 0.04296875 0.0515625