1 0.78828125 0.46484375 0.14609375 0.38203125
1 0.64921875 0.46875 0.1265625 0.4484375
1 0.48203125 0.23984375 0.13359375 0.2875
1 0.2921875 0.728125 0.1375 0.38671875
1 0.3578125 0.46015625 0.10234375 0.16640625
1 0.26953125 0.2125 0.0765625 0.17578125
1 0.16953125 0.26796875 0.07109375 0.17109375
1 0.6796875 0.128125 0.1234375 0.25546875
1 0.23125 0.52265625 0.0625 0.20078125
1 0.4640625 0.80625 0.075 0.128125
1 0.3703125 0.18359375 0.08515625 0.15625
1 0.40546875 0.84453125 0.0765625 0.13984375
1 0.4609375 0.10625 0.16015625 0.2125