1 0.78515625 0.83125 0.17109375 0.21875
1 0.6359375 0.91171875 0.2265625 0.1765625
1 0.7609375 0.6640625 0.1453125 0.13359375
1 0.50078125 0.78125 0.21328125 0.16796875
1 0.81015625 0.41171875 0.22421875 0.16875
1 0.46875 0.3734375 0.121875 0.1609375
1 0.51875 0.17265625 0.11953125 0.13671875
1 0.3578125 0.14296875 0.20859375 0.23515625
1 0.309375 0.371875 0.1859375 0.26484375
1 0.45703125 0.59921875 0.178125 0.17890625
1 0.90703125 0.6015625 0.1859375 0.19921875
1 0.5953125 0.6171875 0.13203125 0.15625
1 0.8625 0.29765625 0.1125 0.19765625
1 0.94765625 0.36875 0.1046875 0.253125
1 0.53046875 0.46640625 0.17109375 0.125