1 0.09375 0.7453125 0.1875 0.21875
1 0.03828125 0.52578125 0.0765625 0.1484375
1 0.23125 0.35625 0.203125 0.15
1 0.72265625 0.85234375 0.2828125 0.2796875
1 0.53125 0.590625 0.10625 0.1296875
0 0.9359375 0.63203125 0.128125 0.16875
0 0.6375 0.2671875 0.1609375 0.109375
0 0.6140625 0.1671875 0.128125 0.090625
1 0.153125 0.53515625 0.109375 0.1359375
1 0.13203125 0.62578125 0.1921875 0.2109375
1 0.303125 0.2828125 0.125 0.128125
0 0.678125 0.1171875 0.1 0.090625
1 0.75625 0.36953125 0.128125 0.2015625
1 0.365625 0.4125 0.0625 0.178125
0 0.45625 0.63828125 0.08125 0.1453125
1 0.70546875 0.70546875 0.2796875 0.2609375
1 0.9625 0.14140625 0.075 0.1453125