0 0.3515625 0.12265625 0.1109375 0.2421875
0 0.54453125 0.228125 0.1703125 0.146875
0 0.1625 0.08203125 0.125 0.1640625
0 0.1203125 0.21875 0.10625 0.11875
0 0.153125 0.32890625 0.065625 0.1234375
0 0.19765625 0.22265625 0.0453125 0.1265625
0 0.1109375 0.69609375 0.1125 0.1796875
0 0.19140625 0.6765625 0.0734375 0.146875
0 0.30546875 0.80390625 0.071875 0.1890625
0 0.30625 0.5 0.15625 0.190625
0 0.2 0.3875 0.059375 0.125
0 0.22578125 0.09375 0.0671875 0.115625
0 0.365625 0.321875 0.08125 0.125
0 0.42109375 0.2453125 0.0421875 0.0953125
0 0.5140625 0.41640625 0.165625 0.1296875
0 0.4359375 0.70078125 0.134375 0.2859375
0 0.33984375 0.8484375 0.0828125 0.140625
0 0.525 0.871875 0.09375 0.10625
0 0.64296875 0.93671875 0.0796875 0.1265625
0 0.56796875 0.8234375 0.059375 0.065625
0 0.24765625 0.26328125 0.0484375 0.1171875
0 0.45703125 0.35625 0.0921875 0.090625
0 0.5296875 0.73359375 0.10625 0.1203125
0 0.71015625 0.82734375 0.0984375 0.1234375
0 0.69609375 0.73125 0.0578125 0.071875
0 0.57890625 0.6515625 0.0953125 0.121875
0 0.5828125 0.5640625 0.09375 0.065625
0 0.66015625 0.6 0.0703125 0.075
0 0.3046875 0.66953125 0.06875 0.0703125
0 0.32421875 0.59296875 0.0765625 0.075
0 0.18125 0.8921875 0.05 0.09375
0 0.10390625 0.8875 0.0421875 0.08125
0 0.10234375 0.5859375 0.0546875 0.040625
0 0.79765625 0.36953125 0.0796875 0.1609375
0 0.65234375 0.27734375 0.0453125 0.1171875
0 0.73203125 0.41640625 0.0625 0.1328125
0 0.8140625 0.5109375 0.09375 0.090625
0 0.778125 0.60234375 0.065625 0.1046875
0 0.6640625 0.52109375 0.0375 0.0921875
0 0.58828125 0.52421875 0.0953125 0.0734375
0 0.6421875 0.846875 0.04375 0.071875
0 0.78828125 0.721875 0.0921875 0.115625
0 0.803125 0.83984375 0.0375 0.0546875
0 0.88046875 0.5 0.0515625 0.09375
0 0.86796875 0.203125 0.0609375 0.06875
0 0.921875 0.1125 0.053125 0.125
0 0.7390625 0.1140625 0.084375 0.071875
0 0.94375 0.39140625 0.05625 0.0796875
0 0.915625 0.3078125 0.05 0.1
0 0.9140625 0.93828125 0.040625 0.1046875
0 0.95546875 0.93984375 0.0703125 0.0953125