0 0.61796875 0.47265625 0.0859375 0.1859375
0 0.4828125 0.771875 0.0625 0.13125
0 0.2296875 0.8046875 0.103125 0.25
0 0.3328125 0.68046875 0.1015625 0.1640625
0 0.13046875 0.90234375 0.1296875 0.1046875
0 0.07265625 0.8390625 0.0828125 0.125
0 0.36796875 0.8953125 0.0640625 0.15
0 0.31484375 0.5625 0.0578125 0.078125
0 0.21484375 0.453125 0.1078125 0.121875
0 0.39765625 0.5046875 0.1203125 0.15
0 0.2796875 0.2859375 0.1 0.1
0 0.43046875 0.3515625 0.0984375 0.078125
0 0.4609375 0.0859375 0.075 0.128125
0 0.16328125 0.284375 0.05625 0.090625
0 0.20234375 0.590625 0.0953125 0.121875
0 0.42421875 0.684375 0.0703125 0.06875
0 0.5296875 0.5796875 0.053125 0.0515625
0 0.4640625 0.46875 0.0625 0.053125
0 0.53125 0.47578125 0.0625 0.0609375
0 0.55703125 0.68828125 0.0515625 0.1296875
0 0.565625 0.9125 0.075 0.115625
0 0.61640625 0.95859375 0.0890625 0.0828125
0 0.60390625 0.66171875 0.0484375 0.109375
0 0.5375 0.34140625 0.084375 0.0859375
0 0.63125 0.3453125 0.065625 0.075
0 0.67734375 0.75 0.078125 0.084375
0 0.6328125 0.86640625 0.065625 0.1234375
0 0.51328125 0.64921875 0.0453125 0.1015625
0 0.7578125 0.19921875 0.125 0.1421875
0 0.871875 0.20234375 0.134375 0.11875
0 0.7015625 0.3453125 0.065625 0.065625
0 0.7421875 0.5359375 0.0671875 0.075
0 0.8375 0.5234375 0.06875 0.0625
0 0.78046875 0.83828125 0.0984375 0.2328125
0 0.76875 0.4078125 0.0375 0.084375
0 0.87265625 0.33203125 0.1234375 0.1078125
0 0.91953125 0.52578125 0.0890625 0.2546875
0 0.86640625 0.878125 0.0859375 0.240625