2 0.10234375 0.7671875 0.14453125 0.4359375
2 0.09453125 0.27890625 0.18671875 0.421875
2 0.765625 0.1046875 0.1109375 0.18671875
2 0.9203125 0.528125 0.159375 0.521875
2 0.7234375 0.4484375 0.259375 0.26328125
2 0.44140625 0.76796875 0.36328125 0.2390625
2 0.4765625 0.403125 0.36015625 0.34453125
0 0.3609375 0.5671875 0.2078125 0.15234375
0 0.14765625 0.48359375 0.13515625 0.1578125
2 0.95390625 0.1796875 0.09140625 0.35859375
0 0.68359375 0.22109375 0.178125 0.1234375
0 0.2515625 0.35546875 0.0828125 0.10078125