1 0.50078125 0.2578125 0.2890625 0.3015625
1 0.51328125 0.59453125 0.18125 0.375
1 0.2640625 0.6859375 0.20390625 0.2484375
1 0.8046875 0.803125 0.3390625 0.303125
1 0.86328125 0.60859375 0.2734375 0.2296875
1 0.7390625 0.3578125 0.1703125 0.28515625
1 0.88828125 0.37265625 0.2234375 0.4546875
1 0.48984375 0.8265625 0.27890625 0.346875
1 0.20703125 0.47265625 0.19375 0.18828125
1 0.10859375 0.128125 0.2171875 0.25625
1 0.3671875 0.0765625 0.32265625 0.153125
1 0.1125 0.37890625 0.1296875 0.13203125