3 0.33203125 0.1515625 0.1484375 0.20390625
3 0.56875 0.08671875 0.11953125 0.17265625
3 0.81484375 0.45546875 0.0828125 0.22421875
3 0.79375 0.18984375 0.253125 0.3796875
3 0.584375 0.609375 0.12421875 0.21171875
3 0.4515625 0.51640625 0.17890625 0.3703125
3 0.4375 0.80859375 0.15078125 0.19375
3 0.5328125 0.7140625 0.065625 0.17734375
3 0.26015625 0.58515625 0.134375 0.16484375
3 0.8765625 0.43125 0.065625 0.21640625
3 0.76953125 0.7921875 0.04296875 0.246875
3 0.25546875 0.85859375 0.178125 0.275