0 0.41015625 0.49921875 0.1234375 0.13203125
0 0.43203125 0.6796875 0.125 0.103125
0 0.3859375 0.37109375 0.1171875 0.08984375
0 0.26875 0.30234375 0.0984375 0.13671875
0 0.809375 0.19921875 0.08125 0.1421875
0 0.90625 0.28203125 0.10859375 0.09609375
0 0.89296875 0.1796875 0.096875 0.1046875
0 0.11015625 0.44453125 0.15078125 0.09296875
0 0.36875 0.27734375 0.11015625 0.1078125
0 0.1890625 0.59140625 0.075 0.16875
0 0.8609375 0.3703125 0.084375 0.09765625
0 0.77578125 0.30234375 0.07890625 0.0640625
0 0.70390625 0.41015625 0.1375 0.11484375
0 0.54296875 0.6125 0.07109375 0.07421875
0 0.49453125 0.5390625 0.0421875 0.084375
0 0.7234375 0.11171875 0.06796875 0.09140625