3 0.37109375 0.78828125 0.221875 0.4234375
3 0.12734375 0.45546875 0.2546875 0.21484375
3 0.4421875 0.6234375 0.13984375 0.13046875
3 0.72265625 0.4203125 0.296875 0.271875
3 0.55234375 0.17421875 0.2890625 0.3453125
3 0.85859375 0.7890625 0.2828125 0.303125
3 0.56953125 0.81015625 0.17734375 0.3375
3 0.65546875 0.7078125 0.07265625 0.09140625
3 0.6671875 0.57421875 0.07109375 0.10234375
3 0.5265625 0.4109375 0.128125 0.165625
3 0.37890625 0.12578125 0.18671875 0.2453125
3 0.45390625 0.4140625 0.0453125 0.06640625
3 0.321875 0.44296875 0.0734375 0.0578125