3 0.85390625 0.84375 0.22265625 0.31171875
3 0.26328125 0.56484375 0.1 0.11328125
3 0.225 0.68984375 0.121875 0.165625
3 0.9015625 0.253125 0.1953125 0.31328125
3 0.6234375 0.1359375 0.24375 0.271875
3 0.4109375 0.4609375 0.20390625 0.3015625
3 0.2703125 0.4984375 0.08359375 0.11796875
3 0.83046875 0.39609375 0.09140625 0.1703125
3 0.7125 0.4796875 0.11484375 0.1421875
3 0.64609375 0.39921875 0.09375 0.1265625
3 0.66953125 0.271875 0.04375 0.1625
3 0.2546875 0.32109375 0.13671875 0.23046875
3 0.490625 0.23046875 0.115625 0.06484375
3 0.5109375 0.16171875 0.1109375 0.15234375
3 0.475 0.29375 0.0890625 0.05546875
3 0.06953125 0.20078125 0.1390625 0.2796875
3 0.38515625 0.93046875 0.140625 0.1390625