1 0.3609375 0.1875 0.2921875 0.18203125
1 0.75390625 0.28046875 0.2859375 0.171875
1 0.83515625 0.13984375 0.25703125 0.17578125
1 0.89609375 0.50625 0.17109375 0.4375
1 0.72421875 0.6453125 0.1609375 0.40859375
1 0.54453125 0.51328125 0.18359375 0.42421875
1 0.1484375 0.10546875 0.28984375 0.203125
1 0.10859375 0.39609375 0.11796875 0.35859375
1 0.0765625 0.7359375 0.084375 0.29296875
1 0.1828125 0.76171875 0.1390625 0.33671875
1 0.38515625 0.69609375 0.1984375 0.5375
1 0.6234375 0.91796875 0.25 0.13671875
1 0.41328125 0.41796875 0.08828125 0.2859375
1 0.31171875 0.375 0.08203125 0.128125
1 0.58671875 0.13359375 0.25859375 0.26640625
1 0.86328125 0.8671875 0.22890625 0.1703125
1 0.8234375 0.7546875 0.08828125 0.10703125
1 0.2390625 0.53671875 0.2015625 0.46640625
1 0.62265625 0.75390625 0.13046875 0.12109375