3 0.325 0.153125 0.18984375 0.30625
3 0.134375 0.40546875 0.20234375 0.2390625
3 0.19921875 0.76640625 0.165625 0.32265625
3 0.37890625 0.6828125 0.178125 0.290625
3 0.50703125 0.5171875 0.1359375 0.3328125
3 0.6140625 0.25703125 0.2234375 0.259375
3 0.5421875 0.85703125 0.33125 0.2859375
3 0.78515625 0.92734375 0.0609375 0.10546875
3 0.92265625 0.80546875 0.1546875 0.25546875
3 0.94140625 0.36875 0.11640625 0.478125
3 0.31171875 0.3625 0.08203125 0.121875
3 0.12890625 0.5625 0.14140625 0.2390625