3 0.74765625 0.2859375 0.1375 0.290625
3 0.3640625 0.15546875 0.19765625 0.23515625
3 0.3484375 0.440625 0.15390625 0.41484375
3 0.22890625 0.41171875 0.1515625 0.246875
3 0.42734375 0.86328125 0.2265625 0.2734375
3 0.16171875 0.765625 0.15390625 0.26640625
3 0.5890625 0.38984375 0.19765625 0.478125
3 0.52109375 0.84296875 0.08125 0.115625
3 0.915625 0.2984375 0.16796875 0.375
3 0.703125 0.60859375 0.15546875 0.17265625
3 0.615625 0.721875 0.1828125 0.23828125
3 0.30625 0.71875 0.11171875 0.11484375
3 0.0515625 0.38671875 0.10234375 0.4875
3 0.1640625 0.53359375 0.1125 0.22421875
3 0.0515625 0.775 0.10234375 0.25546875