0 0.30234375 0.675 0.08125 0.24453125
0 0.36953125 0.61796875 0.07734375 0.1375
0 0.23828125 0.38984375 0.13125 0.1765625
0 0.1265625 0.53203125 0.221875 0.165625
0 0.31484375 0.3015625 0.146875 0.16015625
0 0.46796875 0.4359375 0.13125 0.08046875
0 0.6375 0.60703125 0.1640625 0.265625
0 0.63125 0.41015625 0.190625 0.09921875
0 0.88203125 0.5234375 0.20546875 0.1453125
0 0.78125 0.6359375 0.11640625 0.2546875
0 0.7328125 0.3609375 0.0546875 0.221875
0 0.65546875 0.36328125 0.07734375 0.2078125
0 0.5765625 0.8796875 0.13203125 0.09140625
0 0.45390625 0.8765625 0.0734375 0.0859375
0 0.53046875 0.934375 0.0671875 0.0953125