0 0.196875 0.2 0.3203125 0.15078125
0 0.1578125 0.6421875 0.23125 0.2296875
0 0.27421875 0.453125 0.084375 0.1359375
0 0.41015625 0.4140625 0.06875 0.11953125
0 0.3234375 0.61484375 0.06640625 0.13828125
0 0.47421875 0.59609375 0.09140625 0.05546875
0 0.4640625 0.26171875 0.08671875 0.07890625
0 0.64921875 0.12890625 0.27578125 0.16796875
0 0.61015625 0.234375 0.09140625 0.06796875
0 0.56640625 0.4609375 0.09296875 0.1125
0 0.7734375 0.44921875 0.30859375 0.27265625
0 0.55546875 0.80078125 0.35546875 0.2234375
0 0.71875 0.69609375 0.1109375 0.0765625
0 0.8046875 0.81484375 0.10234375 0.1359375
0 0.91015625 0.68203125 0.10234375 0.06171875