0 0.759375 0.05390625 0.3203125 0.1078125
0 0.234375 0.38984375 0.35 0.3265625
0 0.7953125 0.37578125 0.25 0.2203125
0 0.70703125 0.5859375 0.3015625 0.20625
0 0.2765625 0.58671875 0.35 0.2265625
0 0.3390625 0.75546875 0.31875 0.1734375
0 0.61640625 0.79765625 0.2234375 0.2046875
0 0.3171875 0.1421875 0.271875 0.15
0 0.4828125 0.21484375 0.075 0.1171875
0 0.4828125 0.30859375 0.078125 0.0875
0 0.653125 0.275 0.059375 0.1125
0 0.628125 0.41328125 0.165625 0.0734375
0 0.4453125 0.61484375 0.084375 0.1140625