0 0.63125 0.72578125 0.21875 0.2578125
0 0.40390625 0.571875 0.2671875 0.140625
0 0.30390625 0.41484375 0.3140625 0.1796875
0 0.684375 0.54140625 0.25 0.115625
0 0.6109375 0.478125 0.1375 0.090625
0 0.6796875 0.13984375 0.253125 0.1046875
0 0.19296875 0.16640625 0.2046875 0.1390625
0 0.39921875 0.30625 0.1359375 0.075
0 0.28984375 0.078125 0.1734375 0.075
0 0.56328125 0.2140625 0.0796875 0.11875
0 0.78984375 0.36640625 0.2671875 0.1390625
0 0.959375 0.33203125 0.08125 0.109375
0 0.9140625 0.45 0.096875 0.121875
0 0.903125 0.0546875 0.090625 0.109375
0 0.7578125 0.07265625 0.2125 0.1390625