0 0.2453125 0.265625 0.17734375 0.14375
0 0.2796875 0.103125 0.13125 0.20546875
0 0.38359375 0.1671875 0.11328125 0.21015625
0 0.41640625 0.63515625 0.1234375 0.25
0 0.446875 0.30234375 0.11328125 0.12421875
0 0.55234375 0.36171875 0.084375 0.15703125
0 0.52578125 0.515625 0.0671875 0.15
0 0.09765625 0.76796875 0.09296875 0.228125
0 0.08671875 0.93671875 0.13125 0.10234375
0 0.34140625 0.390625 0.08515625 0.12890625
0 0.09765625 0.12421875 0.09453125 0.13515625
0 0.44296875 0.91484375 0.10390625 0.1296875
0 0.31015625 0.91640625 0.1328125 0.1671875